890634208225094
1016831825722567
903359030255749
931780900730156
1015155662556766
928830657960970
1124908704702760
1138912676626513
1143515352796935
946935652825079
102119092099565
1108603202995785
990550768448343
1082676452266063
961741807893332
1153845138448894
957438468371262
1164678667291691
117141153937752
976795379820709
1176156309515104
976292536265093
118467227126643
1180566522457476
1185584461907176
1194330441032325
129139685997799
125860683022896
1304764159925002
124370269842573
1262792724140517
128668442711292
1336428943425268
1435197346849063
1455915814761300
140814211389342
1403054923409594
1481804182157697
1422621118098603
1481209738882267
155793603165190
1697296950459440
162947409220730
168342188670621
167495248625407
1680725872119657
179311967542872
1784044338456401
182522100491745
182198420530055
1868412843331199
191958139409221
186130626787277
187924153269480
1951527415020504
196145709102162
200895615280243
204422231558038
2070558629758352
2045683848919035
229644168993887
217606423551868
227827009170111
224677902808257
233027145076356
243253027244366
243636430522069
248314866630613
2618618941764519
250515086409238
250342530230312
2670275339936381
257878612805083
281337570253733
282099420368902
2955847064671472
288810166323867
2966575433571358
2939324426395827
296114105593238
305077511295191
307195064465747
3118431185055467
3088225481409331
3194528857542784
318949166617710
324177109362125
3241819525958394
324672315818361
325269072603010
325398829055032
331069985144996
332934611776719
336005004706766
347980876743815
348218723315816
353143846334251
356296562752276
362425501964694
366748421525946
382463603417256
3876294252492381
4013474545427137
402074414513347
3972140449501760
4048269085265085
3992329870848144
4118421941577762
415557276193885
417178096021197
4258263407598962
4292143130805670
4472211889512698
4607815299246657
498569911435039
496348088305757
504403817466513
505607537322957
507472970567701
507435303841852
507896020525852
516518796303971
521681625831683
522671855592334
522301285783391
523590512400344
524855711995685
525494181830937
525046078847757
528312165190166
541735606958706
539548140697685
545904283078012
549749952708725
5718245358216436
598335344464525
600592327584454
695155187944053
6380064272019698
761012367902478
771645376823111
777316779630289
816878795622879
834231117510439
832214464088623
836866053594904
855165692019862
884430098952437
976634266425769
