998809044014821
998849407537947
983641992484838
977014143048743
974747903378625
983482785734396
926053268254524
945735532638149
933987577216614
941959149723209
940045803211351
968510237268833
920797638780701
962561834332433
940103126634028
925456341641602
893433357907140
881372665815162
872142800077010
870743937165400
851103685612456
864689230826944
851234522413604
848204586132836
840341773581346
847151739264512
833296347616783
822498755080006
807184086618183
806511363373255
823168001714544
815323845783044
815426722429451
794839927842508
799865670680084
327806722345953
3051343635142091
2974791192841786
280063203596403
2919935151589033
289082812907883
2931339563771470
276638817336199
2963549763934644
2839522593029712
280059033862630
268767858217703
2714352185533140
268520108443171
275002630840221
278194700479650
264940658813806
2694585280841608
2544107059067999
244947170365164
243136667638263
231903888874357
241250511115424
2338521462949817
240864530844962
236034878088860
227194219245634
239761754321091
229336462360750
236289738054819
227814912491143
222246536407889
227030702429376
204701608199039
2079208068905882
207128404641941
1936541736515028
200295941879610
1969487406540200
190458356420201
1970462569786881
1959613200883132
188460009875337
193302989268847
190947996327122
191600926304503
189103079881328
188675556425504
189287459686444
1871599226350595
173769998054897
1221199461684496
1218801455255541
123717543244759
713421982699344
1228761137559944
761169397912694
1235795966867994
6580350778657757
118892373738417
643326663277095
1192397367874724
650578835915564
123731353329313
644890719764939
1026883884769100
615801932723861
1144582746056593
642045160095517
105024271841212
585284422850066
323325492664311
1118186632006251
585656706140922
326701069211194
113523960980027
582754149564567
2982597785361551
1050509789115773
555473002321211
155555069969534
325682575683975
581332526241829
123401930036308
709360483353263
2985730501711318
1012527172826947
549243726284528
182565197294635
330317838580341
110909504660062
5902530906455964
1224557081319959
787368275479423
307564634427855
1175899869544415
559508788631955
1673836362825901
127532659516044
788133365179631
2991258444490861
114448854290635
557995528582529
183683113616102
308693950979472
1019882892106428
184933390247947
3008949212658830
102090558771184
3019039788367702
1166578257191110
560000268654097
302426354986689
1000878447378727
313842390161418
1041017926433961
566497287926131
3040747282867097
1158310764694089
307848027717021
106561028351408
592990204999983
790915451577340
129101062667327
779994596024747
1270452656739846
1216424965765898
127081572900696
1259385361159227
1301845146915732
135311591958034
132910038923500
1323909448065212
135671451922030
1340363269699843
139719618254169
1353856958348435
137469768470318
1503948199947224
138370698491735
157614516428768
1458760504471409
1455381418132154
148534020586416
166976152011170
148286990817964
164693722363295
1578731349127804
330034178595692
330319725228369
314379650342464
332892595129244
332390155144890
334848821414927
342067164050661
341925807685466
338909804294653
337893987802438
342424064134581
344573433727282
342482037276439
348098143508857
342202710951781
345601207082292
3656472767786055
364313798597191
351963499995878
365240338583042
374973794178129
365842154962904
3710389405729609
3782066698564382
366345324986377
373279531042224
378588813922794
372115301056128
375059990919393
396760548334155
395041745233357
398213071542999
398595061504830
381685363465443
391745675775289
402102307922690
401814914891028
402261921542617
4056744637749747
400520094988928
406481683929583
412365276607654
4163138450433323
408036990682108
419248839135576
4314803831972638
427866458860416
441013427229161
4740675799293599
4411687085588404
453811135720247
4757437167617011
490170085603593
4436068306414736
492395301982202
485827435848260
458457908975044
494842084916428
493152218611909
494883518409631
4972811336069115
503822794018905
498250404596548
502191327738703
502335050837111
500802547845852
502803890790076
508648173705747
504668554176170
509854383584501
518649936000057
518420466064088
515135332943095
520311642721449
521930589250684
521613942491515
520540122323881
530206004757398
536409060972097
530023365030495
532401601137579
536630014312085
536642190703399
534229644501887
539714203770884
537988393910677
541699370295956
540053730499414
542138403556844
546982676650391
569940787523258
543123590046121
555466155447988
545644873430382
555495229167052
543920476663697
567456391349731
606227827042635
660065445388153
701236944606809
