847399565855839
475314310455043
145768977564886
1931258360355322
490195345464053
297408145255656
748220892483240
2836341609961444
840555616538195
481967556193184
482137636362170
856154541916072
747003145965208
134326228645990
188538183136927
987261842092138
480413876617541
1971491826324268
2857666101213468
461614968275028
114944270652960
159272846145171
303514018004867
570988953878427
949206272521501
176451067694402
1109007236259769
825039548409777
8354787667872231
1214226802343001
508930993568803
827629321186648
2824839167782477
3945796912178867
2928770977394353
278179733981636
2711625822391384
791185634865133
1408232256176858
164916832302365
550673959255374
195473829082540
292019739069146
136095801876034
156326276442132
205511644548872
316583823319332
302658018144241
465838794487754
6221479877869543
483515172862476
1137138203378939
3907922455923252
140304738026951
5463876973653484
292806049108010
136234621785313
4306151702769010
249886676930864
468422830915036
479885866455552
753855075304242
155858019827376
195620432380126
222883036264572
527775691935227
1989847037831339
345475506999189
432091327866469
950326609059858
513845599772877
505714440787080
484372116110755
400920367563954
903251700468532
2772856486378503
479670069947393
2931060010462504
4577337955616938
163465902377121
522074595455897
525357388482066
579512499685693
330381708713601
496253618165954
160333702710221
278952520637147
517471165939785
875384863336515
283786209975029
324642045980464
920750805433337
1220078395079105
1414915058870841
761458801216170
1115496938957533
511885916660076
825606765034080
751775365485246
314724210096204
515520862812412
331082975041067
337270857733591
299432705067677
469462514336006
327168845452540
286687176434350
1696971917157094
746569336028094
278645473966530
943587936457970
471144127295543
2782737721974915
1021389458265832
293910159035020
199255261910228
955889145241357
3877818518938916
3821288067988523
287030399631301
152851496739498
175992197749072
528767301831286
386401935903854
310035510567634
527851278624645
586441242332249
240255317874075
489614078754526
3751107061685674
216535916621325
310123833843874
4111537285556709
3938415869539040
1595048950692952
1687319151475903
166663348718404
309050077412184
914019289447062
477951920183040
769161960456789
986730558398223
523051872057541
1397836227256229
532063308199985
458003525292146
532417451474469
467722157633472
808301576790126
462805091650536
4068424696527820
304408214550214
170355698325539
180955677239809
135428121909532
848295439089382
199951485296875
488722399038502
1156268744801175
819613115605030
3975915625855306
1469975593388623
1105735386601028
1419365345091909
288287726282191
482367633033076
780225629519516
208454817548944
244965147401108
501293617665490
937114897050182
834147834120169
1608218199374221
499344647858805
1005085900299929
303798878122262
224546512397916
337015004689874
306193300963715
314785333526002
771993680134735
177974020877837
488237932410123
780986022807549
332271205164138
1233814287048884
298598858416597
5400611583346415
1116167308873128
486484325897117
141484557965821
175040181184606
1009639959854405
948486139247644
920892671815099
289173249356887
753370301975616
218959896700809
164201575545239
891717348056297
470365744229705
3946417122100607
480461379960930
470712530885720
185697413411552
466682507955656
4048512895215288
1119485675227754
295507362222791
826718357972449
2879821888922618
758332191715586
955664028520259
169399141766238
207258161034554
379412970030446
131797472330994
595605501833092
1428678547467608
467000807903187
3015553102009702
514227759708653
311026860611954
470813797513562
4059764254086834
526468985182714
438084527248287
590871558554582
1577460942443398
3965594866821952
512235346631685
605715033732796
237762288122019
481299163122436
954681601966814
3032244490355705
334532994754352
526652705185929
1117958035379623
2814310278822061
538185143848607
307075697555498
296314895316876
2863171493945761
369616144505306
786588785580800
2944454459127837
1109156796260436
468478511075803
5505931009448726
1365601203815589
1029589264536842
4371355752926743
508397620514499
307358417585280
460858448332517
206879401243971
471451637516187
480990743355058
842817403246588
1734228380080888
1542798855910663
165254458768464
3944074029004368
823651015234299
194368042376994
452419582729559
1172239186627404
635626687835710
3053930754893562
1945777962240240
1044331962763104
482310309633877
1164164454010624
1439310649737437
2843146899282220
466743991055443
1428773607468647
895481764348006
598012518268658
481042653102932
571040007207769
2589160858044896
317639433054325
321348482710285
486439259143294
1461323700866947
321191476202453
5547944495275642
317753153031791
493124542130602
170241501682937
514038839776472
438562581091076
1574112912796836
467969550974485
4250969408295407
920032942115764
522076705477991
742686256400605
3012647949014777
162557642473785
3944422892322728
227721429115334
492190882197557
288524529615076
982311512523405
474054417198240
301076104945582
825857758327841
497919971655852
1850552878447333
536640804167169
2470311219779674
511747666634275
500800871055231
806038273642842
1022450505160363
308855530851712
305534894524885
312272207191251
377417036937626
3810411019080791
1567981556728194
305385931084473
2966397210295881
1121279531691073
733745103985825
147785867328290
380855536511608
919309398848743
2929911367288084
145995124105079
560336158271098
297819591892246
496656828044975
384417462864420
484398132837163
1028845474311418
320998639542726
1883463011815722
2832476380339211
311574470476782
843736646548692
129250465811043
315723283299191
802238893741110
1024723474723549
1605645312957554
264440798713497
362241238552796
2300147996785110
475529307003432
1128611147584751
179257800742924
184981170166830
299616704946313
515707839586915
943854696368040
536417684018037
527333251982189
263673952120099
290519672716013
564531874540701
1129968697499401
107386844764878
978261356341783
194978755683270
1073446329811436
289708429265693
452935675770345
503154797767332
4536724536355886
369814267661755
939422923294769
772245006993095
327353585398640
1079047795835743
318694869773403
593869038682756
521913072271654
135172395258474
809485273005685
307486434284930
944384446350649
496579294800379
377548486924538
3997958910289218
522259315475047
476895363621075
289315359492994
976847806394735
305946574365246
171503241643135
2120445898254690
172173871449512
821120725456248
1470774406598076
492852851764988
1570458639809284
2934461643456375
169405115103480
1074328473056387
479381199969869
3921639897921394
936521283814264
854820962085392
293503395758326
1188311254951576
275276780956581
1429604374058480
181815453818392
1397081347307607
124112836375060
317766223061290
6122303934462219
997575407737632
374278953963437
519304785734581
297259568657340
132013372189619
905454406964569
488457239034048
395032331458452
281867156656062
2944590235666004
854943328702119
4378714282153089
145791407520823
523645248654979
515503456259089
190577922789167
510197523670751
567499300898554
2184520755016859
1406690439687812
928195854676699
157338356233461
317201419979483
962993224508052
111315097692962
746586636024932
387938285704511
1402470863442879
1735964116588663
899707020760244
298723291974588
226941162102656
147184970721955
1427894227558023
323695202517997
