987181558748540
931636334343786
913402752545219
895842054298095
865935367378310
854452051858727
776201643076887
739909766721970
815625636001771
844483533149532
842135270054187
5724210314317356
558667001803266
539731640400332
580266539642398
560659074952514
547307712957845
552817152538636
545911006846298
512929059820216
524483225365762
517665666164188
516201666251703
514709563095315
504667110591009
489517282103155
513204383248306
479892799796947
499978577734105
4204657286259530
499019021183763
433965500910620
4195546507191634
4077950475573704
424965471920231
4264832086914421
4205221719544752
411190033534705
3830401013733286
419560795888090
409951370379936
408416957162547
362003558616242
4038642359585556
361381402056685
356273649415921
377867690372908
4050128998447452
3992392247526382
4038578429566428
344978443673513
3884154161713382
372754440899109
384980429642109
365987058417173
363677395387328
345553687147625
330667091866254
360435685444963
352719776456465
346970323613336
340324274235710
351711503050356
345693553848779
339422054306885
342178630781715
330283242146620
335539554862209
339382294294933
186134666814447
927100228126271
179011804266389
181866620649123
942075823311804
171826144940877
164685995617543
844059626522644
144188157823440
900871913795670
1645749255616804
151542533738001
799310164106219
149081630535981
833011677566459
146990844117748
141270511318892
1515821908754221
327031625477992
844914376136086
135127925339091
336288728162170
590310001935896
1413759419000101
315418640154461
800754704139699
1612437018954503
524459228918280
120791360247540
6303446129680680
1392950821073420
1179853772425788
2390772724391386
142829537930220
526819388565181
1166997577107447
273533687862960
1316000048794625
3078428295720861
517762939506997
1008271549923791
6302106476469978
1282098695576494
184820743615848
547515302949052
278836600706268
502801917462412
117618120579806
267490205178795
550171589339864
125443999748367
148753814023552
531737748275371
100579518962070
600382557604669
1245860892521176
1174752569680604
859578831634045
156691029865455
1032031244207187
266101825278374
938464926719639
176227097879702
544475616584481
1065319757330995
2920329638294691
143035357854767
534564301303329
1015798059161579
960880444711795
1924830334331935
124081619894969
1216536432119299
1158237304656760
978970762836079
177018997790721
549334719570111
1217222035388040
2948973472017849
998179607673178
2952448788406676
990532278370680
186239520050647
567206717627766
1170335423480209
3007522959529936
561000081747107
1221439598284547
2960853930867266
574801907018194
1198834523879987
1910194172472560
584547779599076
123481499948839
289223326200990
642631800044425
1244236032684974
3002279896673764
6573143236044922
1353882151673030
3033677266862945
132861818988313
308505171010458
124640809825969
309807840886395
206282361297933
199711582093251
198120872257790
173007024886705
203578521701108
196487785748546
212652887438719
213346827341020
187911613296622
187977093296844
212195107462576
218195463516395
215992233733652
212039857364872
219908853333267
2242210379249670
204508018167984
250973886500430
243975664232614
224078009565655
209523851090162
252493509647138
257827895682730
255487942620966
265762625312585
252983492942653
268264861710944
2905426716452572
2703255673268287
2702439513382803
269158441638307
2951823225133188
283648116890402
296722895471086
3111865425710678
317471013421537
335654931368237
334255585058278
3177244212496808
309464667424131
339954907624194
