1131657673965183
1136346216844768
113805337442329
1132778863889004
1030880087320239
1075022419689614
1112163769290622
1160049668158953
1109038146261278
1122295438249626
111287991003788
1183456232085642
1160213617774614
1083814408777716
1097052734117369
1179804402459290
1128044824329425
1144974962684475
1177941869295218
1136866020145383
1184581795332128
1199384990508875
1189926128104331
1198665780546796
1235683276849024
1163877277392576
1295677364159705
1233987363732828
116090173867362
1163961814066329
1226419217791902
132049618886817
1269232280223728
1203292220114890
1237543549998283
1274245056303543
1369432023439986
1294408634286971
1336747306707944
132424702181885
1364937953886931
132264252280274
136447665200973
135301375317005
137750138385221
1343364846063346
137319915008347
138605334968295
1383098892051721
1365091140544447
1389400318079479
1390982884611651
1385287051856966
1405834643086623
1403397763346253
1402753770110327
1431249683893955
1403797369998724
1425843947762900
1401723490186470
141685597976825
1378882085846102
1431595227233189
158325566228122
145663014200980
149162690550898
145136264201209
1484046635278943
160317499377548
161102239351894
156836383062587
146766177424808
145879727524145
156635343133728
154222103339820
1481386265540239
156398003157939
1583822578473219
145756224223442
1606714232851855
1598054707057556
1625164147680091
1690509591339532
1686271368250301
1717690108595293
173845117979741
1674185176102944
172791611423944
161775579216708
173321268128257
169476814993216
179629564061575
180600347258041
163271955647895
177409094273040
180233023970609
178805447459607
172562671403954
179208024073848
174968234545047
181476490521969
1764249880423763
179763904046850
182427417075710
180987277135863
188301389824874
182903677033188
181105940562830
1869738016521603
197268712087074
186872443284444
186465826665720
183624560293133
191948302782283
182714793732412
197385582241419
1958782664274110
194790082477655
187896566516569
191309356067809
199755421980136
1919664151522608
1843152432510603
199702628534106
201629815118352
205396631245661
206772141091438
202226778383400
205693894545439
195896422351179
2036932416449342
207696210988855
197941525483634
2097599563721336
1988521327964717
204898247982831
213474590326851
200170615278846
199148488715682
211080543936410
215219116817758
215036903432430
218508309776922
2115643445244926
222927845953213
216046603376829
220658876534368
216543576601319
222447919318779
223145939226615
224427006109980
223857942465369
214867450178456
227290392069774
219624629663390
243270120925573
223389495901578
2209993019137097
224951935664429
232708241989027
238190471394778
218907306317091
232372628648131
2543335099294994
2556621057973471
225514052269580
228436251948704
253013373243335
246978780506233
2556977247777110
244283654116313
2491946917781094
263696695540006
2586231588352519
2642065816086186
261747648982186
271597031382505
268341321657992
2583462748625504
273433954506141
257583846056519
269820231505895
2699891383636447
269372178256393
2775860252677795
274434104363441
2802065226774680
267852285078037
260675445785390
2855370541369281
275459294291535
281589223639721
2875662029371226
2752411521738334
280514103742411
2791635524484055
2821659161477866
2840839472850077
283679363405183
288509642985927
2895426840709986
288920982928798
291007559321504
288415469310661
287885142885112
2888058714781736
2875929555954625
2808796102692584
2914670375414832
2842744649273610
2911159392545471
289552882532007
289949109256542
2921846994724582
2926828597563050
292365552371997
289690636156058
2893948937495653
294271795692498
294508355645228
292653692526010
2936607319996096
295708102119654
295446592260286
293280212447444
293433435692959
2964050313852431
2930663883882085
2962995407251458
298890431849924
2945258575719243
299520431646673
301680374784481
2989645941251335
295753068672257
299376081789907
299622061640113
2984238038475848
300116738233892
2955984761325111
2975546382693858
3004304239791226
301685318203964
3008729452745616
303920834704703
301554584864511
301318884859408
303236981254766
301857428183944
303690437830144
306641550934365
303610974714013
307037441023529
3024569047830700
307245724289686
308481514217642
305772247811441
305093734399916
3024717711089623
308273887531922
305797291119351
309632387355002
308609874038078
314573386722409
306930684338636
309529633877933
305729867660241
311617250334890
314597260248782
314001883657305
311783457004412
3127377904176852
309940680506011
3101951886705214
314042306920937
317669226538107
315328443326281
320101129486734
319591352865437
312551530528150
312106283879927
315538193510071
315614916728496
320619689417188
315824369921002
319246482912634
319772432866221
320246649582887
322404389287098
322004985971284
320464886140472
318884909659093
324732522613027
320863082772959
321090022701557
323280946068122
323512215895680
320590056079894
325097472295329
324779942323205
325183129130414
329001625262365
325404385624801
337242387746151
326162172195765
321287066320201
3431506430321251
330324548669348
327907065420138
3574258026013551
365022331797695
3260400704062639
335085731298572
369477304492565
3486466154924417
357552439040796
377371390303681
371485660949840
375154657156747
374789300604029
380220673298643
3813428675422253
381056259802168
380157189913815
387077985812860
3865903000203919
362303608551966
383884079514487
3936378889815690
3933663056687719
3868099446640855
380338786560486
384697512849076
3834571723326015
396048078120810
3944158709008435
396212374787387
3965469253565905
394127451646735
3946257205451063
3994454317313796
4095732800479944
451467022819054
3976918285678513
3967021173386033
4311096755590244
4052284341492034
4187663451254507
4261864580512280
4027938083940756
397981834553538
452212715871586
453608402371513
4387212094631595
454038225658890
4250565191655023
458785811887253
4270861632944908
458519115221666
463205238084319
457621568843873
4325376267526611
462654958157676
455769869046296
459747841964760
455403599074657
462964504769213
466484851297838
465259084689558
466406241093899
467534124533092
466404174649090
465523334550836
462438681507373
467880044308593
474477970424024
474370560483509
479778806603834
469131404180893
467956157771179
471030557483738
470701124191976
471100410783373
465087471481839
471430087468533
475263060223851
468372154433893
477145173504539
470630244197593
480694403052283
476207127137788
479846816403607
484673162752834
482145466438350
491597188698818
479811423353616
486727046086539
487372495840251
489630878939998
484399702669048
479982066663271
489919188723809
483470179538763
487891255694237
490284975427586
489127512341276
493561131788318
490357222157032
483869086391316
494322408355950
494454951973463
498435921594835
494946185270365
492100415473940
496747248418872
500346894614675
500603877806250
496838854874240
498189554714306
495315348286332
497698077944665
499395724547363
496958818215057
504501647255786
501823394342561
498691734647283
507121080307613
506145303850423
504557663913280
500776311355644
511734616537256
511608960210651
509683890186175
500531071087320
506193740825501
504007430739918
507912026995278
510133576836852
516024582737635
516593002868057
518053022939240
512691043098612
513863212982891
511855689978645
522320355809748
515273236320022
521838528819467
520195215832484
513373116348924
518472765859860
514673762877590
525923385439774
524606832280987
522940478740520
517807482579978
524685005608143
523876045288859
530787024957141
527992254896682
535034934538972
539655684086437
527063051649483
558477775541211
532907301042563
544324416561265
548261359671124
561459181485657
5491709690902246
533470924485064
535706571133897
575476127176157
568133861256434
580124569649669
560655768233413
5789761881041599
575586313429367
585163292442830
5684532804920930
580690736249119
591336455138432
583698679259364
582687172719405
614560682836970
582682209788580
618678506193930
5792422904131382
625027008898796
591721562220828
614431389957713
620313392702350
624720165430044
725222304823365
732785064083259
760054794704460
750612368954281
717175853016538
779143929654836
767615220617338
763531667863572
774848433223274
766483547571872
768792150444509
757287048280946
662942901165305
683288739083990
744586859550777
786789645561808
756159041733477
760061571341266
798224374133500
771000510279695
786628565606152
787826662101082
780237696018265
804431597115686
797549674203833
796710744580187
786801265373179
786290802273999
787627568554798
806055436697853
802755303740249
788500295106892
794557481201399
808021366796945
806458319987075
794451214595555
817448182310683
825781004694365
820187955269975
831527620823900
824463501785315
816181225972611
809525293007955
819935658943571
817010908925492
829990614265026
825803628342255
830116504380001
822879485291150
838752250072940
853985608662861
853714275214513
842047396408357
842739486343840
851913725409238
836823763580655
830841997816920
856596844927488
861767927886291
860749244517756
878642989386371
848116522722801
854423505471189
889145515037405
861372021443878
878471949402329
866053723991545
856946685165466
890899691759048
912693629304078
902160356997073
865943557329035
901818650382334
872422403340958
915915478977270
912353089604785
903349860515414
902741177237717
909947029799148
929453514568133
912045962705371
901000800681817
919175448868341
937048737128177
930216337779217
917649835635422
925341218039193
936506497135468
948683805899571
937056653695921
933350577506214
952776028872612
949220845827992
938136573644617
958938701539966
947349099366578
943433193138937
944133939732749
977563419654597
973740896711508
962056297894669
984720535605819
969379107222244
997783707294342
960883854671089
988993705297580
