1058297241358475
1106813153135769
1127120117754963
1003818483762717
1033545363839807
1056714631403947
1084383218736276
1008917643247871
1112373885937683
1048622168995831
1149756895452028
1022019514995986
111717857626852
1126275821169798
1188939178207503
114524467349240
1120628291782118
1133887323782666
1139103659850268
1129263237578363
1226897841040464
1150166198827977
1192930521160726
1154095021707185
1095728290907203
1177334949355014
128500485934528
131918215588332
1188107381628808
1258822954574075
1232439163838636
126798472733061
1227131891039842
1167179423730549
1243016219446683
126801836148990
1163494490835314
1218033871950052
1233586830411319
129414865872265
128637662619448
132088288941745
1296700070725976
128458375971834
137932155011360
1335489430184820
129621065778341
135413598567391
137805221655663
139477608205231
1409588732717305
1419244005108358
1374289649593707
145333974155339
1377912352571821
149387130465812
1403538239982493
156030289705374
1353078251732288
1410897379274264
1400080463672452
1364230867310026
140140374792454
138475791523435
1482441858772659
158528932868015
1426921120977345
1405473326472313
148165013975201
149424683805931
151519240251024
153281823349464
151746903558478
154509376534844
1518781378453728
1399537457089504
160173619380732
160972385955653
158909832814180
156620289735772
1648040402045957
161122229264737
163995818979696
1602596969938625
160488182567682
162473229127211
1633414110203212
178971767420037
167274461859118
170576034953253
176866694198192
1657077207815464
180418110519988
176142914378917
1687317844802317
170817875050394
170916621608442
1819614894877977
168563295221217
192091936073380
1979591878859801
1785164944997793
190308412933339
180509283939265
1841892069306476
185548133301474
1894395700727549
208885504091678
1942358255941242
210558917247235
202343031524217
1947067575450417
194587645899670
2188998281235599
1935408846610795
206302981300761
196175079046576
1923025114539805
207863197549857
209621997391982
210386593909121
207802924257090
240318621208763
215335223397320
2270808316383063
253887296437683
211132527179369
216177166563235
241499257758824
219609829501853
210738920539289
233387458583397
2544578978999253
257799339427959
240767087802553
221005559458349
219617126175764
232450562000124
230383932196605
253821816429737
243574120896329
261797619065718
268488935016790
2604519923185669
242085324387088
271000971388815
263981685437696
272894144559252
286441389820573
2806266992956463
260548272438736
273420444483493
280334320487904
280406517061726
273428207618641
285080059926785
281027573663372
287669819495991
277282927474333
285644899860518
286827299759374
286969376500094
2830880960573769
2805858016390866
289570202753678
2891644604387563
2882270261987831
289353352852883
2942028676120546
2897683713837902
293018018946284
2941037332886264
295317488706699
2915489968670144
2928074647480735
295494042079026
296934251889225
300899578286197
3025246861092656
2941252722826673
300055868352564
2926661994275110
3020194978215799
3034686070087741
296028295311040
2936829766540699
299534301867136
305744751099718
310619153917982
2977854625795102
308346434198534
300580768412711
306814584291476
3582311348535317
316149116612664
320839872748240
312133027142135
316010163207956
310036933977660
313492856878423
319637092838928
328749121926053
336164941235576
320239242861429
328089132101418
376213620280507
337383404443723
333151011486547
336149837844824
3488296004604260
362844725163724
3729497003941548
3868194146609783
362737701845000
363903305038175
3624454094321495
3892457987498608
3840159592768159
392626788493284
3888396011276211
4203732909658851
389906445694917
3949264325150649
4016853925061354
3768479213270020
4057870854271273
452550906043692
452485982519973
3995449630500665
386395249168956
4431154566950681
455202448893045
459504715113206
452077169222372
4290561260988363
3979428492151714
458241848799480
460269895269082
4212845232139677
461087858457984
424937612285288
447762732950739
4283186601692951
454991132260398
4592455357437697
458004975273931
462869134974054
464293464859865
467695094501559
458242405441577
463250708270404
462235128186511
466093537942652
460357435256719
471044884165879
456990035606860
464826611244115
464786657966979
468382441164018
465629504673466
468596794348550
466490721343380
466724691209965
472625343950407
478280543422765
480437520069135
474828323728364
474055400466449
4731404350219635
474693317198921
468722144429633
475984243820672
478139186572858
499143434555130
481731236279446
483607316174561
486469036103575
488480349059154
488806322535325
501678847647003
485887786095746
482309282998400
494782098343103
496838308342716
509159007157875
479771296636130
510545896975982
490255825420535
491634542258420
492708505208575
488380009068851
481842279818665
498402134538998
517848442927457
496926774842344
511047723598459
503217847536922
507417510613021
513813946313265
516917559689188
611088096954412
517755419574767
518645462475886
730461067622347
573939620664869
530525174974109
746241202921221
5604549006251925
518714025835405
513888456454873
545833129717200
523355705370565
546276486397602
536635620683288
637244201008016
744095522897294
756897205021193
756418608366380
746018606072659
775621293341743
561613338336446
751629329049934
747709589253352
763433367648782
788350365447644
751859205476619
772925193363650
811344706175595
790816461578059
785743635421019
784099965443291
806849323570426
793031827991794
768914527146031
822398955301526
784233812226309
800803827529614
814123416146573
822009925073169
844967689436483
776411476363989
839498486913336
846999616166938
761976817796566
794721914514973
812059653053745
855926844992163
856763581568928
828948441034009
816696482274635
870082397220941
916832385761932
818391972095598
825026308102313
908908889953303
836605533910572
899989084115643
874368220125746
881309229268093
856507508266661
901590724019196
916882649152918
937564313710412
928331401251982
925933098194497
915880385898482
916781749105379
886817308564385
936937393545828
953565708781096
937350937031557
938797533639011
939758226849517
900624263847192
944256229681184
952141332219509
970840257058645
948019045934789
984269471977015
991919248210884
960217114743008
972015650208021
982761675595642
