929364344306678
954541808649028
797090297839862
788049985167510
592881541686645
505040134022675
760429501321126
516570779516273
498955401148589
527892978229199
494673095111348
518571726243548
491871262260947
457358272188977
484654999519608
222243959287881
1807920992720032
1890455364445642
213906300318225
301914724753934
150108343797740
352773639511850
162816385787816
933018477454480
372567770857779
816221575661300
1880091068814628
1028620354210877
334487024851397
208274714271908
1342289866145725
214783900173808
149367270497258
916672079090875
198807995404727
478319699885053
1183222265463682
311652193732912
180533150509493
862093571320041
131636058915667
309620830528874
953348858756404
309956123970804
231002422131158
340772287397239
147508747265178
246535880558201
1327429480983723
328152915582627
219734069592096
289775452809830
288152513031341
291752135936457
2926528007666985
2966773410309282
2940851979524873
2969221169978234
317670546419853
3919068478146521
3771357812993939
382578636310658
466239287822729
459696891768047
4008761985839700
