758332191715586
987261842092138
995145474561365
954681601966814
965890147583060
944384446350649
989766421783500
950086352491998
999314884212605
938824973560360
944077082840023
914019289447062
919309398848743
930436094169607
856154541916072
874099133184627
854943328702119
895421934666473
852207365421337
869444313658268
878997469638750
869609943642108
863065167636190
862872204331905
842034520080330
827629321186648
849974165929131
830141817919170
836421390593241
810099859650488
834044403911449
818165065752118
821547798758008
805539003465480
292019739069146
278952520637147
294014588795025
281376103757681
278281677391538
2592814677679742
218959896700809
2779946952303610
237762288122019
244527957462827
219900112920728
239575991343347
281867156656062
224546512397916
253763512850497
244182497286915
226458862577288
212760200663933
229668508980870
231763368745054
218626593461289
222820793039452
199951485296875
214824030410378
207472144501812
188538183136927
186075303368146
1993257367494205
193776666093306
190784429680875
180847370583620
185189373418073
190577922789167
202701078124765
189163136557736
179147017419036
178409017525790
179049630674494
180673657412292
178271644179404
176007314415358
1791222774413547
1850552878447333
1740280616177808
1747050452153224
147574530677573
172348524953870
164562888848909
169399141766238
1278787015874125
807537030199557
129049782627136
768786960497058
762917211062795
132630199009398
798875187443778
733745103985825
1148293045592187
774657576541262
123141496678526
787092001995370
1162083154305203
736793123683949
1153501531797758
586441242332249
1205512633302575
614012812849853
1028845474311418
598012518268658
613258166303233
289315359492994
1119485675227754
791567581534372
2835134513483859
548758429633274
170731701504928
294413512228435
106478698289387
6122303934462219
1156876828067883
772245006993095
108046098226072
536417684018037
2940578249529538
1140649183012237
572443070580010
127258732892144
2863042630576340
105722198461070
557605812078803
1126503834484305
560697761759691
2893552537567230
105718165128982
558437435165682
159272846145171
2864466537149438
1136605593414885
558618338851679
164146302226994
283786209975029
1097546000775792
550528246324831
174954731169462
2933115546945747
1102324570292152
545997926422224
174704024693682
297259568657340
1035951070480150
561417378211357
174348634681388
550673959255374
292806049108010
1011822149360500
555881068730851
1357158091353078
1251002595336530
134326228645990
125310606446577
1233814287048884
138368241601203
1373764463018569
1373395563044895
1427754927588821
1488865271457439
1730339523830609
1522849851400040
138972354941612
154902003303211
154665256652940
157338356233461
158612849527941
141484557965821
1523193084687673
1730452857342884
1735964116588663
2997481227241365
296314895316876
298598858416597
3021900598077298
302215215024074
308238987716696
313483990121629
3087650674802936
319018609736493
312459957333676
320123256527114
317056009863843
302658018144241
311591313950821
317766223061290
330530755422476
328738648807244
333759381756245
314246813416471
332018001852033
326585042170532
336305441297111
341892324059913
3446397055460270
334181918245293
331677945170395
357192035920358
341982894167628
344476707393948
345977283674617
356722015977160
351469159752237
379412970030446
412542893374458
4136896266407380
405715303930206
3898705710165249
4063591760386418
4257441954339123
419857495855971
4233737193360247
4382797241760020
4162226983891967
386401935903854
4184586421592843
4489803971032236
4167545823332093
456234585478785
466759597924476
469046680975040
479848603346307
465838794487754
465905077821380
471144127295543
470813797513562
4621491694547326
474500157097073
466682507955656
485003442789671
480461379960930
4822607907756535
481967556193184
495088151583517
491082868625542
489936325404864
486439259143294
486484325897117
488498022429364
499095024510221
492666498464213
487996882525861
499603254671803
498696561260275
506077654011948
497661414903375
499344647858805
507107000546956
512800473331980
501064464366694
522830212305626
524231228896632
507350236968325
507823813993212
509847996876468
513030203466999
522074595455897
537275934093189
525416972160684
543397396790157
532528134446635
5547944495275642
562915301393069
590212255300289
