1191077991306170
146840504070558
1095488897624423
1093659994451561
1046883919176467
1121069771712032
139967744775658
1394721247567214
1277555516027241
111871501009333
1859560330888018
1126887994482150
1137865396690523
1206799129769806
156467549861879
162003742510166
169345141821911
169602688508225
203514281581989
177021974352755
170958004940016
2164174050386071
1901525743329879
184085370310757
276973434214320
240824157376675
210623204218805
231671605087303
271414321430082
306886014417882
2791066367870747
271347824683933
283482810125364
2871594832965365
295890412208264
2903409309881263
2946090909041054
324343819178744
2924098741198706
2964660390416519
2977387539206049
3076207745940750
312586747006498
306886541140495
312840573767356
317395376519365
317573540048373
372184994309311
318675346572912
318246519849508
321026766344082
332030148287457
332888378399198
333565478147902
342970387194059
341382627342809
332921978201762
355337459535470
355227469274393
369561497846667
475029783820876
392951298647483
4060358234051785
4042992295783243
394269685240049
493908515243810
400954067820357
4120822274698064
457919388841413
4128517140575891
442345940512558
467666397658911
481436283292195
471441284500470
477993543486699
4798364190190140
497987244583691
496590094963089
503802917600855
519714205942893
531877467834159
525491355531071
525801371784716
528489531627726
533092191391074
535921844441926
552056242847197
553483498995015
553583718979760
765569607437620
639216370367919
587901222175551
778139616223591
787371801977241
796529041005369
817428222217448
818937898999626
818546132369705
822102805405102
853795761841222
833755573896614
842693573315979
854525538495801
855879545137736
872704256930123
914626992715795
924862408073998
940916813410083
926412088209478
947614709349024
954406522051802
967074587460784
