933430273890478
951676908734997
875720753024011
803216007064608
615934283130863
548669889457291
539622547060461
537455210761437
500896584303383
4544546605557387
4067520530005995
363093201904093
363833098498589
879530026273376
364337425410598
984864569008101
1928663293948367
968958727249606
182445973839113
1192394697889411
799933294246326
1470743153271477
326302028997316
541737697187913
103120328701301
167445021963279
336039914565385
130663232477739
2901072653439418
116103740714107
874352463153993
1702805493441525
3573273752773832
188016406593252
340678444317869
1703828876493896
245749063615713
101406685516712
2045893195548651
227738795673549
642403203825473
3199481366951818
240168307598773
1695350857323937
330660028565266
532722644525538
2817608401883843
307131341153642
3102225090102319
