963892061072780
883248565957155
840412416589288
845212452801463
906890330103498
831795334110163
839704726652397
810067353030371
802524613738968
773542263338146
780929645903121
648268039467308
661391805064545
773680860185267
796785951022186
577648853235112
625610425072730
672962350770765
576593343352743
608620713443807
611779186457172
607807966857974
557786038935932
559839562056390
560090568457708
574325080239102
556663585465104
550824192595410
550457116111025
5499786043426302
536613737537553
552109682481322
555566758802784
536069354102396
537809103853875
529675741677031
530390388208897
533844321373095
533031938117222
529734575141628
511834146753605
512888453262594
525849058834542
532981124504899
514391979784471
519868812493643
512014610070790
527677885099848
520533622519519
515432996364262
511529429963439
510610376675746
506131623981100
507030840586079
507337143786795
506351490519018
497717788188513
496993911393170
4786848967997505
496948641358945
4827720667242998
469733917464405
4744048758955932
505144773931429
495832711486732
491182858638933
463228281570972
471253780813584
4489566337742825
4327558770588256
4075151219229778
425413905210864
368805934594848
369284861220449
367377481412134
365293408450554
372285447657766
391482425656021
373285834221114
364414761766966
356886059273877
359931919030608
349484020096543
346559280182727
349781333373117
349077280059235
347409163744986
343473473825913
345495997144666
334023958271838
333686641585644
348096950265848
330656111938173
334046005063956
1445631135797776
1492877987741178
148178427313278
141364121435090
145202874250430
142499814660259
1403626640031837
1433213087035267
132305189043330
132405989031299
130077605934931
1445755885766853
140646588148131
1318690798502638
1295792857603127
124728883165098
127230222895212
129538752448177
126918836260702
1263334130746407
1284761325313716
1236414173487524
122020703458091
121276776865576
1135026803638599
962569707931190
1204274829997608
330982208512033
886033605324263
1006802270064961
334599478205632
888567185070436
1173375996473844
851179215507619
1186210151804309
338825347797658
330637005397085
166179112240958
321969882665471
1630598737150347
1155793148276586
310056857223059
1533362313690280
863541104225489
1100112597061034
321947086277310
849907662628409
1001100877383778
3053697021613964
1219539718493579
106117078420932
147228904087518
850033285922105
100233455673280
317808200041414
1271510246639489
103182845341240
1207481076357957
1208466659602725
1018252742245265
1207634306331566
1214639512298805
121496650173233
1214601572334946
123201953321717
123902363262069
1234821093643464
123379693302040
1518279285198107
175320504458546
169606708565131
176373254518369
179214334079259
1938410273001811
1945447948927127
186994910110981
1959548587547958
198689498860237
1905794312918286
1999581700218420
194552825952277
194823079259407
206809361236915
206694321461049
2123635587839850
215201673811196
213272194015577
2002479189909808
209650391160482
2160367054262891
229749055529555
2304350223038088
2823188701265630
242856001004429
265400962013668
255114656004578
2830472130614738
246965380297212
2661227780846964
2835020896748223
2846859875555726
2857861414473816
286754796415118
300074521689375
2935904133299824
3009938112663801
2942437342682991
287541126483402
296840622128241
2890792474479019
3035366373455455
2939819356240356
2882500732012135
2970668113170980
2983255865250715
2957484034467145
2956823347863471
344042197311655
