928456311033094
864758654125171
829294104670009
828239821454124
603941317179812
552707842560003
551891385971215
552458375764912
533873221083886
535693160917448
544362239916719
543528430367196
527123288704763
467125447680183
512517029939706
498664837914222
507187590605776
507322207138583
503434214105006
4860828837277083
394192731996548
375206973935698
374077290676836
223575762517735
2226393180827160
980634472689164
197071285548402
201261701883437
186221096617509
945650126214968
196581168856199
921994791695423
208569717936099
361584905329379
1911686788997927
370191834435034
892823258114463
1729005010617265
392719835492067
824008088497773
164150469076284
1053636521907977
237983757848001
787021815327333
1614285152295926
841493516753246
163986762439324
1007350596703203
1221122275001509
284154403503658
523179225520542
1098683787321404
880885569131618
151127343692591
1390473181324629
258053906087726
204518271348130
613121049656519
143104814554736
3009452852710782
527989498376562
1048021269338859
251036733491207
202096971822285
774784529764784
142850431248978
300861888398705
135783535320425
219001929720941
1537987729881866
3000487656836676
202410498440561
158966296176886
314193910234530
793754654666306
168054255303211
323213622624772
2300769490085505
2208410892627257
233346065043631
236702658293934
2591408967820830
288506949728909
2742335586056991
2801010243544814
298712765223452
296525612175950
295557792060114
268620531656530
336719297831580
334819464940686
342152170616971
351442106424730
342997830491148
374508810964108
