1012527172826947
1050509789115773
994612561358650
983641992484838
993551984806370
1033485240817383
998849407537947
1019882892106428
998809044014821
1041017926433961
1110466626148226
1000878447378727
1047328159338434
109052668183029
102090558771184
110909504660062
105024271841212
1030441157766409
106561028351408
1026883884769100
1118186632006251
1141721749663404
1145718662590649
114448854290635
113523960980027
1144582746056593
1175899869544415
1158310764694089
1166578257191110
1164664777371572
1192397367874724
118892373738417
120885233548086
123401930036308
1228761137559944
1218801455255541
1221199461684496
1224557081319959
1216424965765898
1207878576363178
123731353329313
1235795966867994
123717543244759
124860899862592
1261785380905767
127532659516044
125973299659250
1259385361159227
1270452656739846
1301845146915732
1285299371900651
129101062667327
1340363269699843
135311591958034
132910038923500
127081572900696
1353856958348435
135091432155890
1323909448065212
135671451922030
137469768470318
139719618254169
138370698491735
138390411637410
1467376740278876
145223737675674
1458760504471409
141112051355824
1503948199947224
148534020586416
157614516428768
1455381418132154
148286990817964
160886006031383
155555069969534
150408550600487
1638796422996486
1578731349127804
1652979514896232
166976152011170
164693722363295
182565197294635
1673743922817462
1775578752650634
170943735077513
171048414928246
172587158329334
1673836362825901
173769998054897
168106135346246
183683113616102
184933390247947
185062030277012
180919640573122
185987740203009
1832551903594240
185307653579237
1871599226350595
189287459686444
188675556425504
189103079881328
193302989268847
190947996327122
188460009875337
191600926304503
190458356420201
1959613200883132
1970462569786881
1936541736515028
1969487406540200
200295941879610
204633668232913
202608288434276
204701608199039
207128404641941
2079208068905882
217555126761916
227030702429376
229162122180131
227194219245634
229336462360750
227814912491143
226455649426638
2097941647012658
230714712326122
231872368765031
236034878088860
236289738054819
234893424895713
231903888874357
239761754321091
2338521462949817
241250511115424
241459677456668
240864530844962
243136667638263
244947170365164
250346310427064
2544107059067999
268520108443171
264940658813806
2694585280841608
2714352185533140
268767858217703
275002630840221
280059033862630
2787471941518056
278194700479650
276638817336199
2839522593029712
279664427281709
2833280023649623
280063203596403
2870061006644490
288057069671633
2876793322636255
2919935151589033
2931339563771470
289082812907883
2974791192841786
2963549763934644
2982597785361551
2985730501711318
303649464772525
3051343635142091
3008949212658830
2991258444490861
302426354986689
307564634427855
3019039788367702
3040747282867097
308693950979472
307848027717021
313842390161418
320955043090744
325682575683975
327806722345953
323325492664311
326701069211194
314379650342464
330317838580341
330319725228369
330034178595692
332892595129244
332482848530725
334848821414927
333652358384517
335276274733006
332390155144890
337837017716915
337893987802438
338909804294653
341925807685466
342424064134581
342067164050661
342482037276439
344573433727282
342202710951781
344936880356914
348098143508857
345601207082292
357383796004366
364313798597191
351963499995878
3656472767786055
365240338583042
374973794178129
365842154962904
357483825799986
3710389405729609
366345324986377
367561258314710
372115301056128
372197897702211
373279531042224
3782066698564382
378588813922794
375059990919393
3889238097853710
395041745233357
396760548334155
396815111722233
402102307922690
381685363465443
398213071542999
391745675775289
398595061504830
405563944003359
400520094988928
401814914891028
402261921542617
4056744637749747
406481683929583
412365276607654
4157578237653108
408036990682108
4163138450433323
4112489025478543
4328328210565405
4325718207515397
419248839135576
4287715687960273
4346035585427530
4314803831972638
427866458860416
436865091331154
438478110824624
4411687085588404
4740675799293599
441013427229161
453811135720247
4436068306414736
4757437167617011
458457908975044
481358792962719
485827435848260
490170085603593
492395301982202
493152218611909
502191327738703
498250404596548
494842084916428
494883518409631
4972811336069115
503822794018905
502335050837111
502803890790076
500802547845852
504668554176170
486554806005159
509854383584501
508648173705747
515135332943095
512432613135393
518649936000057
504248347593971
523219842082420
518420466064088
520311642721449
521930589250684
525738525235644
520540122323881
521613942491515
532018684602877
527926761742672
530908565019224
530206004757398
530023365030495
534403487746295
532401601137579
533438171052755
536409060972097
534229644501887
539714203770884
536630014312085
537988393910677
541699370295956
536642190703399
542026933661827
540053730499414
537070924022248
546982676650391
542138403556844
543123590046121
545644873430382
543920476663697
569940787523258
555495229167052
555466155447988
553903652281096
549243726284528
559508788631955
555473002321211
5677298099009937
563874164608701
560000268654097
557995528582529
559622388795395
575663587216684
566497287926131
567456391349731
581332526241829
592990204999983
585656706140922
5902530906455964
582754149564567
585284422850066
603932463908700
642045160095517
601461334197286
606227827042635
615801932723861
644890719764939
644362313219015
650578835915564
643326663277095
654700775929529
660065445388153
6580350778657757
713421982699344
761169397912694
709360483353263
701236944606809
779994596024747
787368275479423
772006773490334
788733481845151
788133365179631
799865670680084
767558117261513
790915451577340
805072807063205
794839927842508
772606600086863
815323845783044
806511363373255
815426722429451
823168001714544
807184086618183
822498755080006
829747557666991
840341773581346
833296347616783
843190826324258
848204586132836
847151739264512
864689230826944
851234522413604
851103685612456
870743937165400
838853126841484
903828193542201
872142800077010
884522272494702
867623073959249
893433357907140
881372665815162
904164296829851
905463886671838
925456341641602
923000601609751
940103126634028
920797638780701
926053268254524
941959149723209
933327903890979
940045803211351
933987577216614
960664751364534
962561834332433
968510237268833
935881647202636
945735532638149
969569463893458
964505537678695
980634906085482
974747903378625
977014143048743
983482785734396
