986478045224604
937062713786840
911503536062546
865365424015469
861996408001209
842837709968723
832723440787252
791546594802095
827786774514035
817750258849616
810888396532238
820819258788008
816294709018292
754569065168736
774339743450814
3009479835969112
1242086759559569
286532139822472
1049351578923418
2849040105336222
282498400232305
504766840945276
2847387835524156
2797600720535842
265407575309749
485581886050355
250553330170421
490660532370657
240095814567847
483484279630058
212855954007891
234200141825626
482187816442953
992076687863960
232584955305775
949653269209931
211997673764092
955303725245916
210425104133512
2897023377232704
539615047073118
2066327523520942
198666222125904
179339240685729
295134808999509
3042611642635601
586876492280149
158194182923239
936937393545828
211516403807342
427509331644126
138970604926661
129023959217599
547252766289230
196369915639072
109366694562560
536760570648255
1248058428963884
521655232321644
239495621266343
151638086905628
220830723178408
141632934638603
332789568187104
509855987045107
288580586272276
1007075936494277
870002636918254
177297884238034
2843628362570642
1152185328592209
1420892941589179
309423937526205
665387820930780
1438221356540153
158210889563933
3968641606557629
212435250349205
1306170123130856
321407889374152
272202417933836
478042036627259
153309433398146
3560298567407825
263978355060965
135949411880825
332747981713204
2066570356815896
272153461295440
171102418151154
3836600899771392
1658463854343551
1045914285933419
171138981635309
387611455960002
285866909932918
865241460753856
177042490958508
459246565159516
317368909801717
316364149963711
735879007087374
306259354362181
305213957827697
332696438269941
3571810863044152
336673851144600
327451895389095
335794054627234
388750252328806
364722704969643
345018306971507
387432559312574
4135260043204461
407076910357017
456187369017142
459630995100570
460976341681053
461780351782160
466350174481285
471252660639334
475706170328225
485682506076835
497778481668273
487920092352529
487265316053748
498899484526908
504482707669152
521182695727173
1159845721109948
511779513160599
1227213817730251
520119242480729
547635856457235
1241012616356336
531595797842116
