840682893218311
185309703484907
512770646697466
840074633298805
172778651550464
176880267690503
1011557486258692
1676249435896456
194538306014901
238036351100993
953595082127824
291828719359899
306257614340844
211255530893181
901453167105954
141709057992681
136267225290899
868434497408346
1162994450864598
946697979225475
501176844462091
1147613022412792
521180259099909
329103025600856
285120409940757
876122029653790
150284187197606
950080475537336
898399631023806
155707273294532
792401028135201
348880163303378
424505615332180
332896008386038
806887019963578
310310087401787
140268928220080
437549394468547
363686678475850
347013163727101
267968985099124
126191999671080
1971528033012977
143560264470929
513834866592512
4624882647539789
124013609884249
387050259681697
3566095173491950
971747840233373
864524127828972
504292613964569
1164963997266408
498433484563049
4158364607576181
112428161113933
179150104196793
970032086905592
1187911054969026
149190380637273
566741624681196
191130429636365
212062707136801
1154496735061210
500744977673154
546008826755608
839975879959098
1998470723634065
321219962975372
960736631396654
408644953799096
338016164687047
196932982371783
395971668072712
375969657192569
4091042437646835
334962194706902
955580304985097
585983649060220
629667628425726
1031894864308305
224534249531422
920800658741274
883704382241699
478657529853808
220868233233382
3353281548231808
4170294173035868
123947229919399
4094241157338522
213621497326236
967679414016476
164623435624547
114450924240927
123648013266435
966871217504437
190052203083568
205952911444637
234689001659919
535239154195881
527075865141196
534207884589441
787652988542770
784044372265087
529490051691529
2149319521898117
4457787880939198
360965795613927
959301484922984
818765825446512
838043163510659
179999297482116
252607102961245
510694636709577
772480200297889
543398323693174
562288811429724
253268736224423
407438700634399
1443313966050590
4159272534159749
522899085721199
144820904398903
555406528925100
278291014094531
1220911738369928
733390637339672
5744151872322318
852197872169080
1162893284204868
488129825790112
498340544796034
1163944417349200
500530534413052
260891325833200
880747012784565
336136888127901
842818643016165
355730586046702
766312800914981
508108680406506
1366983373687409
1929410790548527
864563221161029
1107741226381851
340697210830218
218373083069002
1480664955615651
1191417287990818
2905995599688956
1307395932989811
1380486662324345
324556809326743
780413849319619
499752591121507
885928028690753
630886557889381
336493204853202
1229944967477135
1684277751761106
292217315973730
982686885889412
280105587217293
146437257480081
3073018472976591
2530885573710698
269189414972733
124247939874479
856852431564631
195323422542287
340824450883015
330967702054674
312533043694242
124237896538687
238996997844345
815946249281109
853801522156379
816567525888149
932693577306076
2876912912564261
1059745844434954
1012615272612122
336737051455480
1110203089460623
558321458844640
590675621920398
531301151237534
594063838246035
901271847394677
563491484656806
585287246189932
932765034123012
797217690990964
2896030107306011
1438530856485025
1044802639592377
4168311499874901
935952466988743
986728908739255
1137797870042325
1070882413743964
2028615910625167
510526550228910
511125226823282
1816548258528074
377563893896096
176757857836154
295499602315363
518405386076967
502627214349450
987422938760270
2278577092274298
1773237092879087
776658096340145
4371539919582437
112933297628859
528546678282229
128115976152845
352952993055925
575601107147476
346159047219385
533282604537408
993677178071763
2148141581995722
289672696279651
297839445356968
819917705577756
848670492407223
234103318400299
3009916542621317
346937453563480
810703263169716
153541673428894
4904965849520252
537474537604891
1147583865743390
1233941430452833
585718905975334
773966456604691
516766262876417
500451241184927
258614589355533
4056147384422492
352445776288051
1419155108484356
432536514400827
3962046950591239
518825195901312
332494375194483
996951121121666
153449850212177
214000670604458
369589601437564
2613610408932919
1007584386714620
228432739132170
3027211384227764
296399412164115
220808669850285
1021714828600086
156373509782706
827537948137997
509289566963605
351390733020748
251327433121226
331208881972748
581960866133900
360559402114593
1182863472188215
543476837013031
3944096175685465
555338632308936
563114758040408
1110341246157400
500008558005989
448585256589850
1859551497559717
869849476967784
193794639423137
2898573157077870
1031251744156993
320797162721652
2426066314190229
1062890580905011
1169371270248913
424273632008897
207782097942539
300221834976768
311106877332491
124641376500725
254597752726733
526178331982015
960828501367593
897280047789631
990634655044341
342828614101647
340016597742616
573021897197271
966886417464349
1154445701698818
275669307668683
174679074691429
226997315817534
216333703733113
310687693953167
3926850354110897
119181283754062
1509333176084022
662810544680804
337935451204345
531628901295294
564228587925650
558144435180247
311262630402974
405037880887136
4087643611363181
327725038989179
1467674593568215
100144785684356
340156380910971
308116214106735
3973799209355192
210323287279238
206982437941077
3952641901531855
996719781095475
199090435481984
338558321128974
106500241715787
1987592221408138
2830670367182184
320858276365421
419547832553955
303138974897603
515712026335982
864410320949310
4428198800559383
526908625316925
1173979763029176
482286106166826
599216291064727
176617304465234
3975365145909031
456839115409994
126165549599196
284518846788225
419892835891149
2694791704144019
500153267931421
359300552259529
332746445053666
120535703613238
2764688157117949
373779430757711
201891355076772
347383356982757
4319790098060433
294795875656491
1130544600799306
986030958820445
331981084978145
1145158889228047
354538846079753
530515945061486
593368535165166
120687403493306
1025218194948107
523972615595641
555201718991353
560925508402827
330062858512151
320381092918714
521621232386301
559618245076907
105813351695115
530622834798812
4363544960377092
906080156625082
1863064373843194
474593906952895
803607133848107
876638252939811
308089251014451
1840743192766825
1214967168966585
259074845551152
507392707038311
216138143719285
2912227955726584
307539047823590
339743077618383
355675882613008
338845121195821
499762071328650
119675370366770
161165545924034
2964531150426266
332038931944417
522147069196106
130780042525346
553658829148338
2935024846780740
311420223907040
219960433322657
178522654303275
1713911045468070
239200494499977
247673450218212
883235458946300
339660917622845
153501383543495
4262404633807618
367577368126686
120378043530238
946700829497639
529767088348600
3620246911410415
123454353297238
352331913173115
167454161997460
100576295629078
144454027711812
253001332923910
1126802621147889
2561355357344318
1000937773782650
518972165989876
256093222992478
125281523099004
553185792368440
204555014928856
894706914431704
2099274493548416
599494807701993
194950009173507
4179379098817715
103829221936231
144462187769124
1400449107003463
597910237839031
133247595503802
325389929235776
544454483355963
163102945886621
4184224091685693
513865563216076
180611800772551
1223692224723740
841055319846198
249636843300031
176481411021888
575281093467067
942156266352207
346792553689710
141617018048487
960972474688678
495985604804916
190056076413794
283530953521213
123671876603960
500991330967855
252039393043041
331071078693916
1938763529627035
189751033110018
206288061290346
145361874368534
271853294710635
877511026172853
881335826060831
248562526772769
870630670216329
461245658296401
524560738590243
4705186376175505
4100020396749711
548814746319294
486092365785785
558124601887347
506808073974014
925073168042315
524116018911955
177251111097865
788458905150168
512193846676742
851402362447868
368650817942055
132225338884397
187921116629602
962442217885486
231217428849786
799638244028403
518179459402878
989231718497177
135109415336134
196815799052108
1171506663261034
2887811494880658
520713492594006
102346538763501
110940994598192
784027215553178
634905277494413
507131047035090
982457255848591
4224579074304476
1390904051296181
229578189010459
403796767690591
1543968059447890
213805203848128
1637967919726861
852258465397089
4220778178011333
500999044297277
969824650537876
2223309111133733
1170881733414741
1117538432387579
252157996349497
124993806458544
363513768527608
602457913975160
4297667890295657
811842119521508
630435797912857
139275784913169
935600153884335
708519393273365
348010106853379
1032014384273804
853603292222088
114304740922123
2982307298675031
968675047239161
1212704435864610
541837230308785
582000346298585
423565452072645
4252788114779816
158440786254265
229365162239761
352883422881273
360537825458724
947561605818705
852390359016527
527098825086980
524815065550710
4680117765351203
141063068075242
309192354283599
1179154372584100
1465746143792026
3213741845573756
565657088174709
2970474993227730
512200973171347
154083373485580
296038862316869
368291554621014
489648475668248
1164906207329873
105698945042877
146739504073111
4158264517572378
213482917324868
480001443228596
206499124601544
1680341375484872
503088350821554
1442203649483897
133748902221408
769999977015863
871188103606143
319955719643110
854684011828851
403040750663689
4112294372224850
479941633105991
872701940120985
225061919092815
343165153953909
1420708954994582
336562911393768
877327992991947
850321382264150
320892853063344
846145732991646
938900396680280
982289775854689
1104636773279453
283529543529478
483288319626167
2607194032920064
579126646829202
585085639145487
115698724113359
508502450421397
4698498840163780
2999077847086047
1880123905484218
1099676593890512
961314871326819
978601012970178
236802121549893
341316584228940
202638065062381
330050848843418
294169372367855
152666243601130
175967141228953
306130797811651
3012065342396368
561203568591609
805911813454673
512837450003743
2971916846419583
212183687178457
765616570775543
185219376863006
526789918747304
571555827586603
952790838624309
336155518139131
1406861516359253
186244070051459
4349478635083253
124625479845406
219359686712451
935269440573360
1204484676631238
1481274838889803
511477916634783
4172352139546946
226253259101255
122912390028903
573352383665742
533418501146394
322759435977388
355552192882298
1963906413772736
175162937931024
855968081786807
173413251485099
1863540547150750
3151819738409814
775817846404161
214017193582875
175126798008439
2934379876785653
205354164837001
340327314363963
866427067296440
560944281951891
133821792218035
4769500059731522
672451917048858
522515402405669
830687800906434
1950496638458329
151401687062321
354800782690407
170778211649830
193245376080168
872423957023069
802155763833801
515022429557639
771897690161329
1180908402419519
185956970171253
2843691012561793
239591711104899
4151366838245370
192120402928522
1178829569282317
776469329733285
1580259408972679
1749766871893924
491049665418414
345433590289444
453531065944411
339228957758216
337627384523798
4476349052384491
559174412120114
2876291122633295
1206516226445596
863996814494299
147396977477863
1475591716136052
4028604350569489
5421612097911834
402346274536332
123367019989119
346305853642665
3926406340788502
561475328351609
239393148014494
679285183470088
1030531621031352
219571636696578
499982444426529
508074437092745
240318754384227
4464435750282276
290124482770962
224392612750601
336907931475694
274222664502861
344599697184696
331600708629820
495840551490358
2815528055426324
828502857790928
311924347294686
811717903068134
200560135217947
393811285277614
128707472611357
383894199750482
242608244304863
2981058875494041
847215752882934
123130973337019
548603112837863
183392567096937
311044030702256
357368639089477
341639240784234
765999444082630
252634656668881
143871777817824
177272897717475
204211358294484
2604954803139467
375856843928393
176547681166857
1140735476447840
1073991629674913
1662464397292073
2758067744504910
530432121641492
203371188096562
981380589371009
4066888133402471
785920672126817
336471507953444
1960129300819332
1593779230824852
1546908408983325
993096954842043
1208423839581535
187145590093098
1229700390776428
478666599894852
1498618820500484
176654901112431
463093958347761
3004847586505702
829400937706333
170126015176531
3054497181498226
2961375037409030
223270426328977
2921704471405181
347412043666565
4273982222633355
563196221333039
3073998219544662
2723825101251628
147668094037962
272805244645210
535513097591889
541961520577204
497600304672981
519914152587148
825871244718076
375033977302392
363827218428872
3096423233914955
190421279601061
666191038109209
252430802996024
258822782247943
208472011193139
559246771765618
478348933441620
2605721029734739
517277559636640
531286564855288
326289815870504
2065353236935968
247179233604733
816706809206386
507901370287016
2876198339357138
1421739431520406
2439976772813776
1458639234496457
252677852957301
