879530026273376
858191561481937
875720753024011
861293281263173
833899450845237
841623200052163
799933294246326
651574076241375
615934283130863
591998735158969
579426143508011
577633510034287
584095772792204
557872195542273
548669889457291
534552700906966
530699337971499
499890447959711
486567555974841
500896584303383
4544546605557387
434790311246139
4383788388355631
4205081006270168
4097034440372741
4067520530005995
365907551749216
364337425410598
355390742594646
336980651351675
340678444317869
336269738063488
341858454049584
331401398442562
511159386882908
148563104105586
188016406593252
307131341153642
507810083775515
182445973839113
915925115665258
3002403440036282
493050838465979
173214728114658
2968496946706497
4524354894288353
156476129879322
168852651890657
802487297298586
2901072653439418
437990460880268
1449619828735623
642403203825473
2734789616824585
101406685516712
536127130910565
1951875411665020
165768668807784
110140174645021
539622547060461
2045893195548651
963536441150325
336039914565385
1703828876493896
363833098498589
105203008403963
1470743153271477
343414013985484
101999068869084
333494641825473
167445021963279
1139102186618637
541737697187913
204658101422378
3925858947543538
1137259933438632
1671000919775645
1128147981026820
1430336584001950
1188694914885183
202823805173088
103120328701301
1695350857323937
363093201904093
113520214386201
174477797907922
2965436910446532
381609543402790
1018828135554375
1192394697889411
537455210761437
191186939495164
4204156836306179
130663232477739
2678003982493996
532722644525538
1917828751717403
516992869611816
1928663293948367
190287649701965
984864569008101
330660028565266
2005302556274574
232282358733433
207800614716063
245749063615713
587719965932336
274097337837955
269462218291579
790700251645301
279717250289924
2817608401883843
314759330408772
3102225090102319
931950604018468
3199481366951818
951676908734997
326302028997316
329878978715565
