1454412234895127
1127059417795496
135614928609344
489008055642512
153322233428820
1917822171709394
527484158281100
765689157471447
1692063767662731
136370535146237
196205522329564
910569729488477
2822719811274008
316297143396277
324798939082758
221399469748806
320952726155656
846105759594308
220063346214068
301550318276804
2974603286195789
210041814035253
133465778771371
147285617370824
837224536888475
315684999955339
164181842215447
957312155086249
507167627132242
474728007129655
161127712610396
519081692582552
291230232596854
892511141310314
1976147475895267
309710243954030
264225628736437
1113441472479697
804408796846398
949893555774576
738554520151395
504123213955960
762451734303017
308215424196219
455068678928494
299437845012770
557212348585171
903417253559461
521538999221256
892910631287216
469002327530515
3880538071983646
672854926835782
169220578451776
529978398234027
497033164751457
505120060520412
4044624152271852
796728557869731
884406672413963
323519052453324
465782061199198
381349033107103
153807950031569
4605595376134318
493513595027445
955422801861212
279256370506627
526842634982155
483975606390565
320195959489638
2581224702183557
470237400699772
175928937746911
846765329384129
940087620124069
301718248209474
1054795565111083
471250570630322
471426773958155
484630762756396
199727885314108
473807897260070
977903916354218
942738839854743
1133189287150531
904578183435683
209289900784718
3262105674015941
1268509320218508
519528936094345
369924994425444
397040801745636
802731484000895
2202551366543152
228943255228799
276276024196345
202254931734787
152653553488918
1433714240296444
1374335866298873
1701060540285090
1035576546974324
311339490697915
479112219972202
2073752942772162
480866576491656
2825389964381529
2883142285261478
795316544703129
493264478688713
175100431189852
4483293928403228
1189291334858082
469343121006336
157967989613651
133252795460321
931691154275134
1182054118908360
1122118851619769
465883614697572
319645796191217
3916678228401872
472329237325709
488553132268975
534200724245489
373429710675688
1181149745670997
470836077305499
286906739804588
812320252822219
843724163162622
469437687473635
3022203158066882
557515682302831
200865401723415
2810902579239844
483259502993439
592690011692684
4358349100851490
270979298145418
830918324182799
841958786529975
247540490500155
543751616610999
459199791850604
225056765625631
1191630784632020
517192602794205
980846566057736
476650270087744
271790601308878
236201444949820
920045178848182
630166534618369
507993786994384
511495870209318
587291542247136
759479248048478
809860232978254
2869601096623815
176254594383078
152425816889249
489511822478661
324546715669874
467063367916301
158340722909249
246870650566652
915782489202993
301708058073440
460191021713159
529925728005425
279840620534933
1403597506681863
382408859653648
1114944138975260
184113043468081
1008501943018525
379462776681122
505629800482250
975336649900841
3982536258501505
290552799317764
540694943764805
507199814048926
2916418781931786
5464644416939455
748186885879351
307330780830800
1907492532756851
218930073016219
813941526208527
2845805029018361
4276091935756827
773142850029749
741090176557329
813401699606264
306550634256113
2888848714696730
226729919222243
520059282494978
806790293284841
343008717225738
174808427872033
1191202831350651
759379728112041
342428267291964
301132891501724
382163326376813
514641453232149
903684963821603
325502445668503
399454511059908
202733065016865
910752409775339
875504699965949
599067201065759
167862125341641
1421242681558357
1188886254875523
216877023243491
161957589204512
237240404859859
517014876345295
1089536074884072
476807160311865
756139095092701
190066562966439
340825557386965
181274250534774
604281523885449
143428834369764
3106471232932977
943641516450355
225179369367715
463868784676724
580861762864714
296572352129176
495693451578566
938106450067448
1153259915143309
225535252714999
156457766423062
481868859795674
208803857515292
488367989249535
469955844212248
821811202085113
146685074026500
306019854326205
978009599670959
371157310992964
512590546821080
521210475897985
166831465443152
1178486512671810
791417171798999
3161048524122091
800581133910413
464535781505863
494337201911285
1161273114316312
220990729424880
323940446005769
143047744511197
320608476346935
319178762934174
323373152553755
173812284630441
268229081303367
473383113922411
329744198497586
2921396958094679
818357605729733
2555672724556798
745289352799150
807268286591203
491764308608147
3126028651055360
159504096112947
775188929801496
156741049786276
523465525322756
456466782119275
272923807901021
200329545239139
516329012856639
223198852509836
485909516078913
825351214739481
297685505300976
486001066183247
282552096869231
575717203400813
473645273854320
2011146585699642
841665433416554
750453455648590
108452651320020
156579773101146
309795990741907
2455385894605208
364598044962469
288899352781683
1127902261062723
517737395918702
137071675031463
965465164198122
463033214984339
281891076970124
305917950929812
481759159714793
1136083003572776
4086498814748700
778193439502953
492907691914564
189526333026415
1275088886227621
4155272551161812
267277401757281
474634303791701
385786765954097
820394541909295
209296020820853
1183586885420291
798515321061103
200411488473030
515805136120056
493738252074326
937836710343511
294852975570756
2684663218490693
311623193802648
164400179019795
231674662062768
171369614900396
2991641161120728
1094995014325892
503161447547838
227139815842271
800044030620692
354958932637442
472301887366400
1124579904713881
771304880242842
1117899548713929
2708363856075764
135604698595115
180338703970453
472518923978289
809573753298597
474201903641922
1649445265265807
780255309297588
464626247933572
293295175680388
755855741746838
4341330209218987
1157459081386200
347404930138287
512317433280158
302544224671456
977109336392506
303030264599029
135838528531261
470764353979111
5426809407389293
196367272305298
1192149391244878
1397256767316737
469918387637614
116592897146472
476842386727595
4124303350955594
1613511248843967
485783442742939
229900878895275
967327184002842
319889626159457
221084999420652
1089386398216115
284273460035732
832234554043887
492839931761799
4005399442836444
768731853832224
304238334506077
882219719294025
4288995694467108
920317041857157
1138459969959006
891698441392605
438610324257707
264279082097115
871865557004264
470190230956814
920088538833210
910869212811146
197930245387439
902883567235117
483245006342282
297900818484253
302280248192899
928518057717815
166215042004622
156999313042086
321395342839261
459448355115118
846829305915142
475140093724061
154627906615279
241651954317819
255829262955038
821641582071839
185806730078166
914915915997845
481787719694911
207335944335698
159925806136299
217442239831428
510120360364104
256720379576171
801003257478153
930717327677979
841106723279364
231093871894256
222027072709632
326686465642434
513397193367422
1206986036386602
392105178572177
1219913015138585
795870701055948
313321036827346
4083346968453556
528957011843663
283460490152486
892254481332732
462603248150331
912335382895925
638549147108224
944838592998262
1398894910477737
766658780713279
943128853127045
935891180568635
1821494771358804
141392367971702
750706482261915
225340965656865
324985385858079
217289169871443
322836442515401
891248438099069
514896233250802
278746597045030
471171610663496
489074442539920
496914298288929
1329118864171745
147852167354850
1186767805102601
295700898685431
216906640242662
304283727942734
297858825182293
417491496251487
2575096982785616
742274779768635
880977789293652
319804362822080
979344422876487
1087253145095417
369958661088527
1598811173651927
905186663661104
324330529081583
563405124629705
188379499819911
224241076172331
540545223741961
484636829440835
807250550211479
1382981252101042
2964163737197503
1652054704965067
1072838676867050
2854811844643374
852249152167021
739469824113528
199102072059992
295747365381858
169162628462423
838866010171649
1078240512665111
337961104611036
748324149185903
795385914716508
1036699200193391
467174401165725
732883854047509
164005492318210
1208156049615146
795411667748690
1171843786600244
243196987562967
529830931369869
1187041815071370
272288247958257
3782546885205645
1128290117656198
215882706701264
877815096408461
216474539967006
790348108350382
603379670630793
301261814795997
525101445524041
294484525491062
292672075618510
487246856061179
2691286971162026
496453704813323
309381744095185
518840189259296
220795413182567
747692645921898
245868340347608
799057037703531
309515884094987
219690002962417
367335308049114
305316834391793
987405451994887
310119753819435
393699295278070
425133988593067
1164741810617231
917087732445884
476565943402586
494143175033089
2942259689380487
135245705307877
4005760339460058
2198194466982847
781720772545679
1190171518084966
497565187968935
503234210825939
178449504161834
1051044755422052
311591673908908
305421341203734
1810024849172468
518263819352481
846607316202938
1422857821396695
736086050395035
363829261737762
745720836116696
398502377806822
302371888174967
503001634236004
3952466438201424
2959869620893108
202722575016954
472727404009694
824162034860327
365064208249150
850375038879640
135197651966070
625439842185900
967167064098370
375119053842615
492810588534743
1112241089301681
950715425755673
469636177626102
482923639682569
400709827584559
299514021650568
140854264726207
3866818240063223
155502656586093
512165583247458
473191387246234
301436384935209
806885856621545
509258056769358
753358212020931
180875337135726
909745399569166
1117915435397322
3032496130314149
921564658634002
797288214538447
4304362066262837
472100930518572
297429585193932
832574377676685
522592745767258
1084195105404332
1439543903051869
6125458097468168
280815070389068
300245151680048
2936600769995732
597446511235245
175933217762335
511364666559699
3003940583162338
473386000627896
134419935391486
474646360436032
308113057386832
1059798107881123
305608087745267
497258875033949
467592831199716
2893290910950338
480375173296425
1778517035663467
294131005767147
503715411070629
311969550300881
344853660317644
161515629153588
490244938782212
510121127017549
587507582217400
774294576617256
294681418983317
771967547014110
330756145057620
5755086491175777
2886708394990146
480606736494232
1143819922751062
2951193131837073
177961790885411
908672733317650
1012364385836302
179343144069643
1361066920960040
857244538548893
289916852669266
581660899406400
1164405070664197
158135926264891
325979445799164
885192508728016
2867821606823673
1573717572827733
174437021237582
312059833661323
469223677690365
206625947737754
1007336283130344
513874089650139
159264029468772
3869945066394292
467001301048192
426916331746660
266656288474750
257994049185784
844712459448297
1193016947799213
756675375041683
530103881554812
1097815850730877
1450293061988592
258799172699652
2980604235550834
513736439626293
622242372505731
464447008139532
145387897566259
398725914453161
3572807939610191
773476070025388
302707034762322
209058554079578
546428036344616
495312311715039
488353498974879
4214055831989766
744016856289590
3860771340717766
1016728868733567
789820575231972
338444791035999
575049686814683
830095994555820
526109821740268
2551534548488558
279234900597144
4466764030018419
487280615929824
2956374477940383
279536077158006
1159002337894561
291989485989232
516569876166802
305617284515978
138452858223456
376671333662394
2869072303421769
1401199583592095
561033958620738
489925439017476
1648114205398920
154832649930202
803812043571483
2636583586635910
1101839426978400
485981389483093
371543790913199
215242496772613
194238419088994
141352817974228
495067298515617
1430586100652881
317176283109834
989471395192107
997216387478986
830576757533889
540365260293853
1071045407014543
807522140186371
907474599985850
299064538381127
1877198592456511
501450957659110
